=== PREDICTION RESULTS ===

efficiency_MPP: [87.8166672]
efficiency_Jsc: [-216.36986436]
efficiency_Voc: [0.6964]
efficiency_FF: [2507.57720156]
recombination_IntSRHn_mean: [5.14382686e+56]
recombination_IntSRHn_std: [7.78364398e+58]
recombination_IntSRHp_mean: [9.9853271e+29]
recombination_IntSRHp_std: [1.26297063e+32]
recombination_IntSRH_total: [5.14382783e+56]
recombination_IntSRH_ratio: [-8.71544911e+33]
